$ANSIBLE_VAULT;1.1;AES256
62623236636636373431333238623539623864376163313466653062666330376364333135316163
6236333466663732373339356531303538343034393664640a333038363230386165636430396362
62313463303962373065376338626631636461356562356665373135353961616165633161336266
6562393435613165300a653636333432633233616134313464633833383861396535616136343332
62646561366634346665663465386433613430653963333062323664666432656631313565373138
63396338396435363464616630373665663636646362623337326464626233373531303862663634
35363536623933613136636133646434386262656337363966383132313033313964376531646430
31373133643430613135323439363566623564636564313461363761656164653266373338343061
32623965346661653536323734303362316235346533376439623562383536346230623739353532
38396535616538343738316466323461326135333963626138313565386634613235396538623834
63373261643830646266613036323639666633633461376330346530623338393134376165376439
66666163626139393431
